x=[1.248626947
1.88390398
0.004713058472
0.004205942154
0.004305124283
0.005076169968
0.004285097122
0.004211902618
0.004048109055
0.004346132278
0.004381895065
0.004556894302
0.02475309372
0.2387189865
0.004305124283
0.003892183304
0.00380396843
0.003815174103
0.003973960876
0.004083871841
0.004122972488
0.004045009613
0.003983974457
0.004125118256
0.004111051559
0.004066944122
0.003935098648
0.004242181778
0.003622055054
0.003935098648
0.003834962845
0.003679990768
0.00682592392
0.003937959671
0.004082918167
0.003597021103
0.004067897797
0.003787994385
0.002611875534
0.003580093384
0.003811836243
0.003764867783
0.003759145737
0.003847122192
0.003797054291
0.00358915329
0.003865003586
0.003737926483
0.003854036331
0.003700017929
0.003815174103
0.003674030304
0.003945112228
0.003777980804
0.00296497345
0.003834009171
0.003743886948
0.003766059875
0.003616094589
0.006114959717
0.003854990005
0.003920078278
0.002858877182
0.003878831863
0.004060983658
0.003832101822
0.003977060318
0.003822088242
0.003900766373
0.003606081009
0.003859996796
0.003745794296
0.003796100616
0.004343986511
0.004461050034
0.004329919815
0.004653215408
0.003632068634
0.003749847412
0.003630876541
0.003488063812
0.003408908844
0.003309965134
0.003482818604
0.003244161606
0.005692958832
0.0035572052
0.003702878952
0.003301858902
0.003388166428
0.002776861191
0.003712892532
0.003793954849
0.003812074661
0.003509044647
0.003704071045
1.508427143
0.007586956024
0.003612995148
0.003444910049
0.003416061401
0.002287864685
0.003388166428
0.003359794617
0.003482103348
0.003453969955
0.002351999283
0.003531932831
0.003361940384
0.003388166428
0.003439903259
0.003587961197
0.002428770065
0.003252983093
0.003505945206
0.003761053085
0.003367900848
0.003484010696
0.002521038055
0.003442049026
0.003420829773
0.003375053406
0.003362894058
0.002336978912
0.006357908249
0.003375053406
0.003329992294
0.005387067795
0.003564119339
0.003711938858
0.003457069397
0.002393960953
0.003357172012
0.003612041473
0.003438949585
0.003397941589
0.003325939178
0.002381801605
0.003315925598
0.003499031067
0.003431081772
0.003349065781
0.002316951752
0.003494977951
0.003557920456
0.003475904465
0.003704786301
0.003479003906
0.002496004105
0.003461122513
0.003508090973
0.0037150383
0.003679990768
0.006520986557
0.003479957581
0.003486156464
0.007135152817
0.003446102142
0.003440141678
0.003778934479
0.003500938416
0.002321958542
0.003412008286
0.003427028656
0.003527164459
0.003445863724
0.0034968853
0.002421140671
0.003776073456
0.003758192062
0.003556966782
0.003415822983
0.003283977509
0.003397941589
0.002281904221
0.003387212753
0.003577947617
0.003392219543
0.003448963165
0.002274990082
0.003436088562
0.003278017044
0.005749940872
0.003469944
0.003376960754
0.007515907288
0.003284931183
0.003389120102
0.002366065979
0.003493070602
0.003330945969
0.003441095352
0.003345966339
0.003455877304
0.002350091934
0.003670930862
0.003394126892
0.004254102707
0.003566026688
0.003576040268
0.003314971924
0.002351045609
0.003540992737
0.003377914429
0.003499984741
0.003682851791
0.003422021866
0.002325057983
0.003552913666
0.003375053406
0.003443002701
0.004201889038
0.003411769867
0.003288984299
0.002310991287
0.006673812866
0.003489971161
0.003551959991
0.00234079361
0.003495931625
0.003535985947
0.003331899643
0.003453016281
0.003495931625
0.002333164215
0.003554105759
0.003437042236
0.00349187851
0.003415107727
0.003498077393
0.003695011139
0.002375841141
0.003530979156
0.003468990326
0.003490924835
0.003509998322
0.003779888153
0.002351045609
0.003590106964
0.003525018692
0.006302833557
0.003557920456
0.003658771515
0.003526926041
0.005872964859
0.007928133011
0.003453016281
0.002404928207
0.003387928009
0.003481864929
0.003566980362
0.003453016281
0.003448963165
0.002378225327
0.003408908844
0.003471851349
1.708003044
1.30546093
0.4021880627
0.004262924194
0.00394320488
0.003832101822
0.003920078278
0.003679990768
0.003681898117
0.003659009933
0.005725860596
0.003862142563
0.003755807877
0.002692937851
0.003688097
0.003674030304
0.007951021194
0.004343986511
0.003988027573
0.003795862198
0.003670930862
0.004409074783
0.003571987152
0.003607988358
0.004077911377
0.003662109375
0.002529859543
0.003581047058
0.003572225571
0.003662109375
0.003733158112
0.00373506546
0.003438949585
0.003576993942
0.00247502327
0.003890037537
0.006834983826
0.004001140594
0.003751993179
0.003641843796
0.003532171249
0.003715991974
0.006549119949
0.003823041916
0.002579927444
0.003697156906
0.003582954407
0.003672838211
0.004215955734
0.003927946091
0.004211902618
0.003556013107
0.003462076187
0.002434968948
0.004483938217
0.004928827286
0.002493858337
0.003567934036
0.003323793411
0.00337100029
0.003391027451
0.003525972366
0.002463102341
0.005831003189
0.003222942352
0.002334833145
0.003413915634
0.003302812576
0.003400802612
0.002382040024
0.007996082306
0.00341796875
0.003576040268
0.003401994705
0.003554105759
0.003573179245
0.002282142639
0.003351926804
0.003341913223
0.003450155258
0.003273010254
0.002353906631
0.003338813782
0.003633975983
0.00378203392
0.003494977951
0.003539085388
0.003405094147
0.003988981247
0.002434968948
0.003479003906
0.003576993942
0.007289171219
0.003422021866
0.003632068634
0.002453804016
0.003586053848
0.003405094147
0.006612062454
0.004920005798
0.003367900848
0.003398895264
0.002382040024
0.003395080566
0.003493070602
0.003664016724
0.003436088562
0.003640174866
0.003479003906
0.002487897873
0.003584861755
0.003544092178
0.003664016724
0.003432035446
0.003386974335
0.002326011658
0.002597093582
0.003576993942
0.003614902496
0.002269029617
0.003379106522
0.005466938019
0.003357172012
0.003478050232
0.0034968853
0.002689123154
0.003476858139
0.002423048019
0.001789808273
0.8869829178
0.004546880722
0.004714012146
0.004307985306
0.0041680336
0.006764173508
0.004048109055
0.00416302681
0.004075050354
0.004192113876
0.006149053574
0.004369020462
0.004344940186
0.05749797821
0.2081809044
0.004653930664
0.002928972244
0.004889011383
0.004426956177
0.004618167877
0.004226207733
0.002988100052
0.007797956467
0.004055023193
0.002778053284
0.003815889359
0.004106044769
0.003890037537
0.002971172333
0.003630876541
0.003778934479
0.003877878189
0.002564907074
0.003778219223
0.00374007225
0.00381398201
0.003210067749
0.003509998322
0.003760099411
0.003651857376
0.00444483757
0.003731012344
0.003833055496
0.004877090454
0.003950119019
0.003880977631
0.00369310379
0.003700971603
0.007377147675
0.08068203926
0.004144906998
0.003769874573
0.003582954407
0.003576040268
0.008026838303
0.003695011139
0.002444982529
0.002468824387
0.003815889359
0.003448963165
0.00353884697
0.002333879471
0.00377202034
0.003499031067
0.003752946854
0.003493070602
0.003782987595
0.003527879715
0.003511190414
0.002597093582
0.003749132156
0.003720998764
0.00361084938
0.003763914108
0.003539085388
0.003773927689
0.007239103317
0.003634214401
0.002394914627
0.003684043884
0.003572940826
0.003445863724
0.007730007172
0.00367307663
0.003623962402
0.003756046295
0.003535985947
0.002511978149
0.001906871796
0.9715840817
0.4312419891
0.00466299057
0.003933906555
0.002629041672
0.00385594368
0.007524967194
0.003783941269
0.003847837448
0.00380897522
0.003697872162
0.004034042358
0.003771066666
0.003882169724
0.007557868958
0.004256010056
0.003715991974
0.003853082657
0.00372505188
0.003961086273
0.003767967224
0.004039049149
0.004597187042
0.003893852234
0.003813028336
0.006283044815
0.003966093063
0.003800868988
0.002748012543
0.003895044327
0.006824016571
0.004256010056
0.003972053528
0.004441022873
0.003922939301
0.003777980804
0.003957033157
0.004187107086
0.003612995148
0.004112958908
0.003574848175
0.003624916077
0.003602027893
0.003513813019
0.002367019653
0.003431081772
0.003229856491
0.003490924835
0.003435850143
0.002307891846
0.003534078598
0.003447055817
0.005695819855
0.001760005951
1.077350855
1.0391469
0.00391292572
0.003755092621
0.003732919693
0.003638982773
0.003541946411
0.00358581543
0.002509832382
0.002526044846
